3.972641038358222521e-02
4.204535159157807983e-02
4.664839652859560648e-02
4.785437666213437913e-02
5.336439864282396112e-02
5.622765491057641479e-02
5.912024621569365174e-02
6.370811036720004650e-02
6.867849030469687366e-02
7.271698837784175418e-02
8.030821169266645632e-02
8.646753869599631270e-02
9.343707620328696450e-02
1.055115806745899054e-01
1.179927058581539262e-01
1.332498970495958057e-01
1.566442750404482276e-01
1.853753939204824674e-01
2.265059203286236278e-01
3.038820760351765293e-01
4.136810710085543352e-01
6.414504948320082223e-01
1.000000000000000000e+00
9.700160719247049590e-01
7.134936409506413835e-01
5.414398397731259305e-01
4.323923594668498405e-01
3.641584247301086208e-01
3.178295772014911869e-01
2.859031745270527725e-01
2.602742657645305546e-01
2.424312517359477337e-01
2.287484226333012516e-01
2.181875439051419729e-01
2.056443912032100696e-01
2.020297110443092792e-01
1.938615360302827773e-01
1.880731163990283783e-01
1.824799480287718489e-01
1.811560151709554201e-01
1.779379885314519016e-01
1.733598028928319823e-01
1.704663690815529098e-01
1.665466924025493789e-01
1.676422249901771966e-01
1.680443757581040753e-01
1.632181650904634684e-01
1.650629794093256830e-01
1.570590001342654640e-01
1.741173888023159755e-01
