1.623685033380203036e-01
1.281370985142591679e-01
1.367873580166198699e-01
1.230584187244626454e-01
1.480981674989768626e-01
1.357829269354303148e-01
1.463627392200451405e-01
1.548352157112458660e-01
1.497143151220856894e-01
1.568200566954359998e-01
1.594545209043481404e-01
1.647683408443232078e-01
1.637317085262229022e-01
1.769809725729045158e-01
1.715829393001140069e-01
1.892923051141778834e-01
1.964877575367898199e-01
2.039831214020064731e-01
2.116570854431374660e-01
2.251556959364839350e-01
2.223098701912381570e-01
2.621502853804295596e-01
2.623371938420772653e-01
3.049527586749009589e-01
3.254881426126223221e-01
4.030831180973279970e-01
4.955776018822512508e-01
6.576782844262707428e-01
7.279326854438148420e-01
7.793066767809780915e-01
7.814110998850903878e-01
8.076593211597679067e-01
8.236979625510110203e-01
8.442369194861613080e-01
8.507678332521716458e-01
8.556881187650592357e-01
8.875968454710028155e-01
8.920827166897349336e-01
8.963732592916465736e-01
9.145615144282313036e-01
9.167615953705822163e-01
9.240922977801813154e-01
9.383744137771155014e-01
9.425630176303299024e-01
9.472422037943554196e-01
9.499428239731074752e-01
9.635196074761581686e-01
9.755622648293641452e-01
9.734990067082687215e-01
1.000000000000000000e+00
