2.653156359567280034e-02
3.144486713522944010e-02
3.639655028414179316e-02
3.333477666428320135e-02
3.445790623712820938e-02
3.609163352615943343e-02
3.268127669624248943e-02
3.706593597692377923e-02
3.826240908007599167e-02
3.431078587444446465e-02
4.133558073302345121e-02
3.946592877314900050e-02
4.072246725391108491e-02
4.289525376678812729e-02
4.458186452964162799e-02
4.682027271303774302e-02
5.075649551675470716e-02
5.041227138424870385e-02
4.813435552676970791e-02
5.087532390047528469e-02
5.610404166354102107e-02
5.383143678690197054e-02
5.898344334390654559e-02
5.667361056309166978e-02
6.302114841789382971e-02
6.411684680216822585e-02
6.731820445115248297e-02
7.155175053805215568e-02
7.393991568312575924e-02
7.727131790155722380e-02
8.502834254569509309e-02
9.070212564305331349e-02
9.090652250950566338e-02
9.445579320534484846e-02
1.033497543300339050e-01
1.008198345374970301e-01
1.111134409773435056e-01
1.199646539101323489e-01
1.282717926993939550e-01
1.393321050635534797e-01
1.505692687241753924e-01
1.643627216944241465e-01
1.799085053835666470e-01
1.955423507634160840e-01
2.031063556185969399e-01
2.311705211971055440e-01
2.886219742058588889e-01
3.479938323204776474e-01
4.193728796703504735e-01
4.969814464444955449e-01
5.660798693475846965e-01
6.264955388324836560e-01
6.598698308421877545e-01
6.894366719991938952e-01
7.166454970432819538e-01
7.502202473349187661e-01
7.636131318241677901e-01
7.521803693224698995e-01
7.563647518083934651e-01
7.687953457385910960e-01
7.749137703064347127e-01
7.851251081249905894e-01
7.921638977593684627e-01
8.017866019518701259e-01
8.078062289041355593e-01
8.158649978277470183e-01
8.187010413144807375e-01
8.254650229731875788e-01
8.364855925407908011e-01
8.386446365285614712e-01
8.444995073686017983e-01
8.532938583203013572e-01
8.569143451044261006e-01
8.645014082776878439e-01
8.682814172632690175e-01
8.746097417951496089e-01
8.806766993712115132e-01
8.852631620890728525e-01
8.843571590951547767e-01
8.909265534811749987e-01
8.922603814996615812e-01
9.027836200346177620e-01
9.068444663096028036e-01
9.081912148596060774e-01
9.182890300267284589e-01
9.217603934874624150e-01
9.263784468842595210e-01
9.305044704170070125e-01
9.381998150627260946e-01
9.419411407858176988e-01
9.444916295925080973e-01
9.513855030709654770e-01
9.562113161119126792e-01
9.637759637412797176e-01
9.683751825223533283e-01
9.750158298214074426e-01
9.754728307007777266e-01
9.862047417195348720e-01
9.881104512013335617e-01
9.938849151350601652e-01
