5.598642395861769261e-02
5.490399932993905718e-02
5.773128591163733531e-02
5.771340431738762600e-02
5.814000442936079205e-02
6.149358272976564177e-02
6.088818008696759293e-02
6.248128669954683412e-02
6.165062392072314518e-02
6.395102741149628900e-02
6.580607737855377615e-02
6.532587208408927038e-02
6.930493513068045064e-02
7.171047674097685842e-02
7.174176645487115311e-02
7.510989299592940593e-02
7.625435311457118281e-02
7.777359194796239217e-02
7.957761674410422648e-02
8.315169437606195757e-02
8.437011392009252653e-02
8.842095841378895538e-02
8.763821048602415953e-02
9.385995514987718891e-02
9.795058323947655743e-02
9.988733916813573310e-02
1.013645138409114688e-01
1.051527554030847744e-01
1.093168396308936280e-01
1.096930018319039329e-01
1.149091928650419342e-01
1.189331903135842777e-01
1.209533993489766285e-01
1.260452262596384598e-01
1.313141542080387136e-01
1.367358698107041803e-01
1.428617784253043144e-01
1.482626851307582427e-01
1.551138616882706267e-01
1.649553693600223081e-01
1.765248486228050140e-01
1.891537841232778239e-01
2.052021694136924868e-01
2.235781286140728630e-01
2.533315822709356069e-01
2.887677090954555159e-01
3.250747857646452132e-01
4.286716245783950829e-01
6.034020630963261578e-01
8.765384979176468194e-01
1.000000000000000000e+00
8.111701692323132207e-01
5.921278928503161954e-01
4.692132408407840849e-01
3.860910538714103502e-01
3.730047071225007782e-01
3.433404407762644106e-01
3.222119684826669217e-01
3.072827942546324520e-01
3.000732506866614080e-01
2.924237936599954901e-01
2.841818806511046680e-01
2.779169565253074015e-01
2.733832189484116104e-01
2.669423479980740366e-01
2.643712378307936928e-01
2.602862294783568897e-01
2.599584712582321822e-01
2.566759717910388483e-01
2.556676951671889020e-01
2.583209632588424065e-01
2.541335774113971935e-01
2.541308480341853970e-01
2.554079907436048180e-01
2.531294664325285382e-01
2.514300413376698851e-01
2.539166821946860497e-01
2.526475047404770913e-01
2.505480328127626111e-01
2.487551158541730090e-01
2.526843679015001731e-01
2.503892584864950144e-01
2.482758222209053567e-01
2.500897695358011985e-01
2.509078731420128494e-01
2.517111059642079263e-01
2.516307091606595492e-01
2.463938584028798062e-01
2.470759782046092479e-01
2.502454783469135746e-01
2.494511479921225905e-01
2.456608859738542705e-01
2.459118795082788078e-01
2.498536358257072709e-01
2.545468968588608383e-01
2.513269860378511966e-01
2.547015262950599324e-01
2.499833769818406437e-01
2.513304257629777050e-01
2.504054650427622319e-01
